camera_matrix:
- [774.5585769800152, 0.0, 619.6941663360337]
- [0.0, 772.9641015634082, 352.49790332794606]
- [0.0, 0.0, 1.0]
dist_coefs:
- [-0.36538585933437684, 0.16322438533873948, -0.00267163330984028, 0.00033826189145447623,
  -0.0381711947661958]
rms: 1.019739394046632
