camera_matrix:
- [776.9402211014334, 0.0, 619.6562068278122]
- [0.0, 775.2934183710056, 352.6413618448482]
- [0.0, 0.0, 1.0]
dist_coefs:
- [-0.3677831546624051, 0.16548718517099006, -0.0027205758580965606, 0.00035007994700936193,
  -0.038998249450850314]
rms: 1.0154735070246947
